 TITLE = "Residual Error Vector"
   3.46491350117905     
   6.96207004898777     
  0.351477651760412     
   1.10102595457017     
  0.308721652628333     
  0.188817733694954     
  0.227825297313478     
  0.807828195854765     
   2.17654817181178     
  0.937405419544809     
  0.256219510365320     
  7.310958571538412E-002
  9.467786294152386E-002
  4.002967626042908E-002
  3.846552753069257E-002
  3.930706432403067E-002
  3.586739616310961E-002
  3.801648502788732E-002
  3.833227482383257E-002
  3.706620759074144E-003
  9.969489136095512E-004
  3.823109192145819E-004
  5.183764264408645E-005
  1.345240381792915E-005
  3.561806307584247E-007
